list(M=3,N=20,x=structure(.Data=c(  17.9,  67.9,  64.2,  44.7,  64.2,  -1.3,  53.0,  78.1,  55.7,  61.9,  28.1,  65.1,  77.5,  58.1,  43.4,  22.6,  79.0,  17.6,  88.5,  90.5,  12.0,  98.8,  76.5,  61.4,  67.2,  26.1,  39.0,  89.8,  66.6,  36.0,  22.9,  29.4,  72.6,  76.5,  39.6,  36.0,  73.9,   9.6,  66.6,  68.1,   3.3,  88.1,  75.1,  52.2,  62.1,  20.3,  48.1,  96.8,  58.8,  54.8,  27.6,  48.2,  61.7,  73.0,  28.9,  34.2,  92.4,   1.9,  91.8,  95.5),.Dim=c(3,20)))